
Time: 0.919986
Result: 17197 1103.167480 17222 2183.264893 17229 3818.899658 17222 5437.462891 15849 7603.756348

Time: 0.919788
Result: 17197 1103.167480 17222 2183.264893 17229 3818.899658 17222 5437.462891 15849 7603.756348

Time: 0.919949
Result: 17197 1103.167480 17222 2183.264893 17229 3818.899658 17222 5437.462891 15849 7603.756348

Time: 0.920129
Result: 17197 1103.167480 17222 2183.264893 17229 3818.899658 17222 5437.462891 15849 7603.756348

Time: 0.919738
Result: 17197 1103.167480 17222 2183.264893 17229 3818.899658 17222 5437.462891 15849 7603.756348

Time: 0.919642
Result: 17197 1103.167480 17222 2183.264893 17229 3818.899658 17222 5437.462891 15849 7603.756348

Time: 0.919847
Result: 17197 1103.167480 17222 2183.264893 17229 3818.899658 17222 5437.462891 15849 7603.756348

Time: 0.919917
Result: 17197 1103.167358 17222 2183.264893 17229 3818.899658 17222 5437.462891 15849 7603.756348

Time: 0.920113
Result: 17197 1103.167480 17222 2183.264893 17229 3818.899658 17222 5437.462891 15849 7603.756348

Time: 0.919763
Result: 17197 1103.167480 17222 2183.264893 17229 3818.899658 17222 5437.462891 15849 7603.756348
