
Time: 0.552532
Result: 17197 1103.167480 17222 2183.264893 17229 3818.899658

Time: 0.552383
Result: 17197 1103.167480 17222 2183.264893 17229 3818.899658

Time: 0.552389
Result: 17197 1103.167480 17222 2183.264893 17229 3818.899658

Time: 0.552369
Result: 17197 1103.167480 17222 2183.264893 17229 3818.899658

Time: 0.552237
Result: 17197 1103.167480 17222 2183.264893 17229 3818.899658

Time: 0.552224
Result: 17197 1103.167480 17222 2183.264893 17229 3818.899658

Time: 0.552324
Result: 17197 1103.167480 17222 2183.264893 17229 3818.899658

Time: 0.552259
Result: 17197 1103.167358 17222 2183.264893 17229 3818.899658

Time: 0.552306
Result: 17197 1103.167480 17222 2183.264893 17229 3818.899658

Time: 0.552677
Result: 17197 1103.167480 17222 2183.264893 17229 3818.899658
