
Time: 0.368505
Result: 17197 1103.167480 17222 2183.264893

Time: 0.368602
Result: 17197 1103.167480 17222 2183.264893

Time: 0.368572
Result: 17197 1103.167480 17222 2183.264893

Time: 0.368696
Result: 17197 1103.167480 17222 2183.264893

Time: 0.368658
Result: 17197 1103.167480 17222 2183.264893

Time: 0.368570
Result: 17197 1103.167480 17222 2183.264893

Time: 0.368595
Result: 17197 1103.167480 17222 2183.264893

Time: 0.368479
Result: 17197 1103.167480 17222 2183.264893

Time: 0.368716
Result: 17197 1103.167480 17222 2183.264893

Time: 0.368593
Result: 17197 1103.167480 17222 2183.264893
