
Time: 1.103515
Result: 17197 1103.167480 17222 2183.264893 17229 3818.899658 17222 5437.462891 15849 7603.756348 15924 9765.294922

Time: 1.103430
Result: 17197 1103.167480 17222 2183.264893 17229 3818.899658 17222 5437.462891 15849 7603.756348 15924 9765.294922

Time: 1.103456
Result: 17197 1103.167480 17222 2183.264893 17229 3818.899658 17222 5437.462891 15849 7603.756348 15924 9765.293945

Time: 1.103650
Result: 17197 1103.167480 17222 2183.264893 17229 3818.899658 17222 5437.462891 15849 7603.756348 15924 9765.293945

Time: 1.103332
Result: 17197 1103.167480 17222 2183.264893 17229 3818.899658 17222 5437.462891 15849 7603.756348 15924 9765.294922

Time: 1.103422
Result: 17197 1103.167480 17222 2183.264893 17229 3818.899658 17222 5437.462891 15849 7603.756348 15924 9765.294922

Time: 1.103739
Result: 17197 1103.167480 17222 2183.264893 17229 3818.899658 17222 5437.462891 15849 7603.756348 15924 9765.293945

Time: 1.103499
Result: 17197 1103.167480 17222 2183.264893 17229 3818.899658 17222 5437.462891 15849 7603.756348 15924 9765.294922

Time: 1.103847
Result: 17197 1103.167480 17222 2183.264893 17229 3818.899658 17222 5437.462891 15849 7603.756348 15924 9765.294922

Time: 1.103751
Result: 17197 1103.167480 17222 2183.264893 17229 3818.899658 17222 5437.462891 15849 7603.756348 15924 9765.294922
