
Time: 0.736123
Result: 17197 1103.167480 17222 2183.264893 17229 3818.899658 17222 5437.462891

Time: 0.736169
Result: 17197 1103.167480 17222 2183.264893 17229 3818.899658 17222 5437.462891

Time: 0.736142
Result: 17197 1103.167480 17222 2183.264893 17229 3818.899658 17222 5437.462891

Time: 0.735958
Result: 17197 1103.167480 17222 2183.264893 17229 3818.899658 17222 5437.462891

Time: 0.736052
Result: 17197 1103.167480 17222 2183.264893 17229 3818.899658 17222 5437.462891

Time: 0.735997
Result: 17197 1103.167480 17222 2183.264893 17229 3818.899658 17222 5437.462891

Time: 0.736575
Result: 17197 1103.167480 17222 2183.264893 17229 3818.899658 17222 5437.462891

Time: 0.736126
Result: 17197 1103.167480 17222 2183.264893 17229 3818.899658 17222 5437.462891

Time: 0.736112
Result: 17197 1103.167480 17222 2183.264893 17229 3818.899658 17222 5437.462891

Time: 0.736244
Result: 17197 1103.167480 17222 2183.264893 17229 3818.899658 17222 5437.462891
