
Time: 1.069104
Result: 17197 1103.169434 17223 2183.091797 17229 3818.239014 17222 5436.985840 15849 7602.414062 15924 9764.718750

Time: 1.066823
Result: 17197 1103.169434 17223 2183.091797 17229 3818.239014 17222 5436.985840 15849 7602.414062 15924 9764.718750

Time: 1.065874
Result: 17197 1103.169434 17223 2183.091797 17229 3818.239014 17222 5436.985840 15849 7602.414062 15924 9764.718750

Time: 1.066133
Result: 17197 1103.169434 17223 2183.091797 17229 3818.239014 17222 5436.985840 15849 7602.414062 15924 9764.718750

Time: 1.066408
Result: 17197 1103.169434 17223 2183.091797 17229 3818.239014 17222 5436.985840 15849 7602.414062 15924 9764.718750

Time: 1.068353
Result: 17197 1103.169434 17223 2183.091797 17229 3818.239014 17222 5436.985840 15849 7602.414062 15924 9764.718750

Time: 1.067986
Result: 17197 1103.169434 17223 2183.091797 17229 3818.239014 17222 5436.985840 15849 7602.414062 15924 9764.718750

Time: 1.066250
Result: 17197 1103.169434 17223 2183.091797 17229 3818.239014 17222 5436.985840 15849 7602.414062 15924 9764.718750

Time: 1.579040
Result: 17197 1103.169434 17223 2183.091797 17229 3818.239014 17222 5436.985840 15849 7602.414062 15924 9764.718750

Time: 1.068023
Result: 17197 1103.169434 17223 2183.091797 17229 3818.239014 17222 5436.985840 15849 7602.414062 15924 9764.718750
