
Time: 0.355978
Result: 17197 1103.169434 17223 2183.091797

Time: 0.356044
Result: 17197 1103.169434 17223 2183.091797

Time: 0.356134
Result: 17197 1103.169434 17223 2183.091797

Time: 0.356113
Result: 17197 1103.169434 17223 2183.091797

Time: 0.356638
Result: 17197 1103.169434 17223 2183.091797

Time: 0.355915
Result: 17197 1103.169434 17223 2183.091797

Time: 0.356135
Result: 17197 1103.169434 17223 2183.091797

Time: 0.356183
Result: 17197 1103.169434 17223 2183.091797

Time: 0.355935
Result: 17197 1103.169434 17223 2183.091797

Time: 0.356000
Result: 17197 1103.169434 17223 2183.091797
