
Time: 0.534666
Result: 17197 1103.169434 17223 2183.091797 17229 3818.239014

Time: 0.534080
Result: 17197 1103.169434 17223 2183.091797 17229 3818.239014

Time: 0.534230
Result: 17197 1103.169434 17223 2183.091797 17229 3818.239014

Time: 0.533729
Result: 17197 1103.169434 17223 2183.091797 17229 3818.239014

Time: 0.533675
Result: 17197 1103.169434 17223 2183.091797 17229 3818.239014

Time: 0.534822
Result: 17197 1103.169434 17223 2183.091797 17229 3818.239014

Time: 0.534292
Result: 17197 1103.169434 17223 2183.091797 17229 3818.239014

Time: 0.534380
Result: 17197 1103.169434 17223 2183.091797 17229 3818.239014

Time: 0.535368
Result: 17197 1103.169434 17223 2183.091797 17229 3818.239014

Time: 0.535385
Result: 17197 1103.169434 17223 2183.091797 17229 3818.239014
