
Time: 0.888925
Result: 17197 1103.169434 17223 2183.091797 17229 3818.239014 17222 5436.985840 15849 7602.414062

Time: 0.890119
Result: 17197 1103.169434 17223 2183.091797 17229 3818.239014 17222 5436.985840 15849 7602.414062

Time: 0.889593
Result: 17197 1103.169434 17223 2183.091797 17229 3818.239014 17222 5436.985840 15849 7602.414062

Time: 0.890059
Result: 17197 1103.169434 17223 2183.091797 17229 3818.239014 17222 5436.985840 15849 7602.414062

Time: 0.893052
Result: 17197 1103.169434 17223 2183.091797 17229 3818.239014 17222 5436.985840 15849 7602.414062

Time: 0.889234
Result: 17197 1103.169434 17223 2183.091797 17229 3818.239014 17222 5436.985840 15849 7602.414062

Time: 0.889337
Result: 17197 1103.169434 17223 2183.091797 17229 3818.239014 17222 5436.985840 15849 7602.414062

Time: 0.888626
Result: 17197 1103.169434 17223 2183.091797 17229 3818.239014 17222 5436.985840 15849 7602.414062

Time: 0.889027
Result: 17197 1103.169434 17223 2183.091797 17229 3818.239014 17222 5436.985840 15849 7602.414062

Time: 0.891709
Result: 17197 1103.169434 17223 2183.091797 17229 3818.239014 17222 5436.985840 15849 7602.414062
