
Time: 0.712159
Result: 17197 1103.169434 17223 2183.091797 17229 3818.239014 17222 5436.985840

Time: 0.711639
Result: 17197 1103.169434 17223 2183.091797 17229 3818.239014 17222 5436.985840

Time: 0.711412
Result: 17197 1103.169434 17223 2183.091797 17229 3818.239014 17222 5436.985840

Time: 0.712401
Result: 17197 1103.169434 17223 2183.091797 17229 3818.239014 17222 5436.985840

Time: 0.711443
Result: 17197 1103.169434 17223 2183.091797 17229 3818.239014 17222 5436.985840

Time: 0.713023
Result: 17197 1103.169434 17223 2183.091797 17229 3818.239014 17222 5436.985840

Time: 0.713204
Result: 17197 1103.169434 17223 2183.091797 17229 3818.239014 17222 5436.985840

Time: 0.714653
Result: 17197 1103.169434 17223 2183.091797 17229 3818.239014 17222 5436.985840

Time: 0.712091
Result: 17197 1103.169434 17223 2183.091797 17229 3818.239014 17222 5436.985840

Time: 0.711333
Result: 17197 1103.169434 17223 2183.091797 17229 3818.239014 17222 5436.985840
