
Time: 3.827302
Result: 17197 1103.169434 17223 2183.092041 17229 3818.238525 17222 5436.985840

Time: 4.456362
Result: 17197 1103.169556 17223 2183.092041 17229 3818.238281 17222 5436.985840

Time: 4.627763
Result: 17197 1103.169434 17223 2183.091797 17229 3818.238525 17222 5436.985352

Time: 4.511529
Result: 17197 1103.169556 17223 2183.091797 17229 3818.238525 17222 5436.985840

Time: 4.074493
Result: 17197 1103.169556 17223 2183.091797 17229 3818.238525 17222 5436.985352

Time: 3.898770
Result: 17197 1103.169556 17223 2183.091797 17229 3818.238525 17222 5436.985352

Time: 3.968898
Result: 17197 1103.169556 17223 2183.091797 17229 3818.238525 17222 5436.984863

Time: 3.710667
Result: 17197 1103.169434 17223 2183.091797 17229 3818.238281 17222 5436.985840

Time: 5.208609
Result: 17197 1103.169556 17223 2183.091797 17229 3818.238525 17222 5436.985840

Time: 3.825574
Result: 17197 1103.169556 17223 2183.091797 17229 3818.238525 17222 5436.985840
