
Time: 6.100694
Result: 17197 1103.169434 17223 2183.092041 17229 3818.238525 17222 5436.984863 15849 7602.413574 15924 9764.717773

Time: 5.836130
Result: 17197 1103.169434 17223 2183.091797 17229 3818.238525 17222 5436.985840 15849 7602.414062 15924 9764.716797

Time: 5.877901
Result: 17197 1103.169556 17223 2183.091797 17229 3818.238281 17222 5436.984863 15849 7602.413574 15924 9764.717773

Time: 6.395546
Result: 17197 1103.169434 17223 2183.092041 17229 3818.238281 17222 5436.985840 15849 7602.414062 15924 9764.717773

Time: 6.130506
Result: 17197 1103.169434 17223 2183.092041 17229 3818.238525 17222 5436.985840 15849 7602.413574 15924 9764.717773

Time: 6.214578
Result: 17197 1103.169556 17223 2183.091553 17229 3818.238525 17222 5436.984863 15849 7602.413574 15924 9764.717773

Time: 5.978506
Result: 17197 1103.169434 17223 2183.092041 17229 3818.238525 17222 5436.985840 15849 7602.413574 15924 9764.717773

Time: 6.383761
Result: 17197 1103.169556 17223 2183.091797 17229 3818.238281 17222 5436.985840 15849 7602.414062 15924 9764.717773

Time: 7.311842
Result: 17197 1103.169556 17223 2183.091797 17229 3818.238281 17222 5436.985840 15849 7602.413574 15924 9764.717773

Time: 6.772447
Result: 17197 1103.169434 17223 2183.091797 17229 3818.238525 17222 5436.985840 15849 7602.414062 15924 9764.716797
