
Time: 2.289796
Result: 17197 1103.169434 17223 2183.092041

Time: 2.013534
Result: 17197 1103.169434 17223 2183.091553

Time: 2.441141
Result: 17197 1103.169434 17223 2183.091797

Time: 2.670570
Result: 17197 1103.169556 17223 2183.091797

Time: 2.068753
Result: 17197 1103.169434 17223 2183.091797

Time: 2.288872
Result: 17197 1103.169434 17223 2183.091797

Time: 1.776395
Result: 17197 1103.169434 17223 2183.092041

Time: 2.118798
Result: 17197 1103.169434 17223 2183.091797

Time: 2.161169
Result: 17197 1103.169556 17223 2183.092041

Time: 1.921554
Result: 17197 1103.169434 17223 2183.091553
