
Time: 4.953490
Result: 17197 1103.169434 17223 2183.092041 17229 3818.238525 17222 5436.985840 15849 7602.413574

Time: 5.154652
Result: 17197 1103.169556 17223 2183.091797 17229 3818.238525 17222 5436.984863 15849 7602.413574

Time: 5.096517
Result: 17197 1103.169556 17223 2183.091553 17229 3818.238525 17222 5436.984863 15849 7602.413574

Time: 5.127658
Result: 17197 1103.169312 17223 2183.091797 17229 3818.238281 17222 5436.984863 15849 7602.413574

Time: 4.981702
Result: 17197 1103.169556 17223 2183.092041 17229 3818.238525 17222 5436.985352 15849 7602.414062

Time: 5.921156
Result: 17197 1103.169556 17223 2183.092041 17229 3818.238525 17222 5436.985352 15849 7602.413574

Time: 5.048350
Result: 17197 1103.169556 17223 2183.091797 17229 3818.238525 17222 5436.985352 15849 7602.414062

Time: 5.213884
Result: 17197 1103.169556 17223 2183.092041 17229 3818.238281 17222 5436.984863 15849 7602.413574

Time: 4.735355
Result: 17197 1103.169556 17223 2183.091797 17229 3818.238525 17222 5436.985840 15849 7602.413574

Time: 4.935067
Result: 17197 1103.169434 17223 2183.091797 17229 3818.238525 17222 5436.985352 15849 7602.414062
