
Time: 3.221519
Result: 17197 1103.169434 17223 2183.092041 17229 3818.238525

Time: 3.213844
Result: 17197 1103.169312 17223 2183.092041 17229 3818.238525

Time: 3.160950
Result: 17197 1103.169434 17223 2183.091797 17229 3818.238525

Time: 3.296466
Result: 17197 1103.169556 17223 2183.091797 17229 3818.238525

Time: 2.797510
Result: 17197 1103.169434 17223 2183.091797 17229 3818.238281

Time: 3.456420
Result: 17197 1103.169556 17223 2183.092041 17229 3818.238525

Time: 3.123330
Result: 17197 1103.169556 17223 2183.091797 17229 3818.238525

Time: 3.054489
Result: 17197 1103.169556 17223 2183.091797 17229 3818.238525

Time: 3.218825
Result: 17197 1103.169556 17223 2183.092041 17229 3818.238281

Time: 2.907117
Result: 17197 1103.169556 17223 2183.092041 17229 3818.238525
