
Time: 19.132443
Result: 17197 1103.167480 17223 2183.092773 17229 3818.229248

Time: 18.956231
Result: 17197 1103.167480 17223 2183.092773 17229 3818.229248

Time: 18.924433
Result: 17197 1103.167480 17223 2183.092773 17229 3818.229248

Time: 19.019666
Result: 17197 1103.167480 17223 2183.092773 17229 3818.229248

Time: 19.312753
Result: 17197 1103.167480 17223 2183.092773 17229 3818.229248

Time: 18.958147
Result: 17197 1103.167480 17223 2183.092773 17229 3818.229248

Time: 19.011171
Result: 17197 1103.167480 17223 2183.092773 17229 3818.229248

Time: 18.944658
Result: 17197 1103.167480 17223 2183.092773 17229 3818.229248

Time: 19.002620
Result: 17197 1103.167480 17223 2183.092773 17229 3818.229248

Time: 18.943942
Result: 17197 1103.167480 17223 2183.092773 17229 3818.229248
