
Time: 25.281375
Result: 17197 1103.167480 17223 2183.092773 17229 3818.229248 17222 5436.966797

Time: 23.976779
Result: 17197 1103.167480 17223 2183.092773 17229 3818.229248 17222 5436.966797

Time: 25.151283
Result: 17197 1103.167480 17223 2183.092773 17229 3818.229248 17222 5436.966797

Time: 25.229256
Result: 17197 1103.167480 17223 2183.092773 17229 3818.229248 17222 5436.966797

Time: 25.231551
Result: 17197 1103.167480 17223 2183.092773 17229 3818.229248 17222 5436.966797

Time: 25.262233
Result: 17197 1103.167480 17223 2183.092773 17229 3818.229248 17222 5436.966797

Time: 25.281843
Result: 17197 1103.167480 17223 2183.092773 17229 3818.229248 17222 5436.966797

Time: 25.265905
Result: 17197 1103.167480 17223 2183.092773 17229 3818.229248 17222 5436.966797

Time: 25.242417
Result: 17197 1103.167480 17223 2183.092773 17229 3818.229248 17222 5436.966797

Time: 25.253503
Result: 17197 1103.167480 17223 2183.092773 17229 3818.229248 17222 5436.966797
