
Time: 31.596813
Result: 17197 1103.167480 17223 2183.092773 17229 3818.229248 17222 5436.966797 15849 7602.401855

Time: 31.575420
Result: 17197 1103.167480 17223 2183.092773 17229 3818.229248 17222 5436.966797 15849 7602.401855

Time: 31.596055
Result: 17197 1103.167480 17223 2183.092773 17229 3818.229248 17222 5436.966797 15849 7602.401855

Time: 31.584618
Result: 17197 1103.167480 17223 2183.092773 17229 3818.229248 17222 5436.966797 15849 7602.401855

Time: 31.615581
Result: 17197 1103.167480 17223 2183.092773 17229 3818.229248 17222 5436.966797 15849 7602.401855

Time: 31.578239
Result: 17197 1103.167480 17223 2183.092773 17229 3818.229248 17222 5436.966797 15849 7602.401855

Time: 31.608865
Result: 17197 1103.167480 17223 2183.092773 17229 3818.229248 17222 5436.966797 15849 7602.401855

Time: 31.596169
Result: 17197 1103.167480 17223 2183.092773 17229 3818.229248 17222 5436.966797 15849 7602.401855

Time: 31.783157
Result: 17197 1103.167480 17223 2183.092773 17229 3818.229248 17222 5436.966797 15849 7602.401855

Time: 31.601118
Result: 17197 1103.167480 17223 2183.092773 17229 3818.229248 17222 5436.966797 15849 7602.401855
