
Time: 12.645275
Result: 17197 1103.167480 17223 2183.092773

Time: 12.640775
Result: 17197 1103.167480 17223 2183.092773

Time: 12.633808
Result: 17197 1103.167480 17223 2183.092773

Time: 12.637365
Result: 17197 1103.167480 17223 2183.092773

Time: 12.634289
Result: 17197 1103.167480 17223 2183.092773

Time: 12.608156
Result: 17197 1103.167480 17223 2183.092773

Time: 12.665220
Result: 17197 1103.167480 17223 2183.092773

Time: 12.619728
Result: 17197 1103.167480 17223 2183.092773

Time: 12.629815
Result: 17197 1103.167480 17223 2183.092773

Time: 12.639159
Result: 17197 1103.167480 17223 2183.092773
