
Time: 37.856017
Result: 17197 1103.167480 17223 2183.092773 17229 3818.229248 17222 5436.966797 15849 7602.401855 15924 9764.638672

Time: 37.884388
Result: 17197 1103.167480 17223 2183.092773 17229 3818.229248 17222 5436.966797 15849 7602.401855 15924 9764.638672

Time: 37.841728
Result: 17197 1103.167480 17223 2183.092773 17229 3818.229248 17222 5436.966797 15849 7602.401855 15924 9764.638672

Time: 37.888762
Result: 17197 1103.167480 17223 2183.092773 17229 3818.229248 17222 5436.966797 15849 7602.401855 15924 9764.638672

Time: 37.873317
Result: 17197 1103.167480 17223 2183.092773 17229 3818.229248 17222 5436.966797 15849 7602.401855 15924 9764.638672

Time: 37.855149
Result: 17197 1103.167480 17223 2183.092773 17229 3818.229248 17222 5436.966797 15849 7602.401855 15924 9764.638672

Time: 36.541074
Result: 17197 1103.167480 17223 2183.092773 17229 3818.229248 17222 5436.966797 15849 7602.401855 15924 9764.638672

Time: 37.720064
Result: 17197 1103.167480 17223 2183.092773 17229 3818.229248 17222 5436.966797 15849 7602.401855 15924 9764.638672

Time: 37.845262
Result: 17197 1103.167480 17223 2183.092773 17229 3818.229248 17222 5436.966797 15849 7602.401855 15924 9764.638672

Time: 37.861261
Result: 17197 1103.167480 17223 2183.092773 17229 3818.229248 17222 5436.966797 15849 7602.401855 15924 9764.638672
